{
 "cells": [
  {
   "cell_type": "code",
   "execution_count": 1,
   "id": "worse-recording",
   "metadata": {},
   "outputs": [],
   "source": [
    "import numpy as np"
   ]
  },
  {
   "cell_type": "code",
   "execution_count": 5,
   "id": "terminal-turkish",
   "metadata": {},
   "outputs": [],
   "source": [
    "def sym(A):\n",
    "    return (A + A.T)/2"
   ]
  },
  {
   "cell_type": "code",
   "execution_count": 26,
   "id": "affected-leader",
   "metadata": {},
   "outputs": [
    {
     "name": "stdout",
     "output_type": "stream",
     "text": [
      "[[ 4.   5.5 -3.5  5.5 11.5 12.5 -6.   0.5  4.5 13.5]\n",
      " [ 5.5 12.   0.5 12.   5.5 13.5 11.5  8.5 10.  16. ]\n",
      " [-3.5  0.5 -3.  18.  -0.5  6.5  9.5  6.5 -2.5 -7. ]\n",
      " [ 5.5 12.  18.  22.  10.  -8.   6.5  1.  16.   7. ]\n",
      " [11.5  5.5 -0.5 10.  23.   5.  16.5  3.5  3.5 14. ]\n",
      " [12.5 13.5  6.5 -8.   5.  11.  -1.5  7.5  6.5 12. ]\n",
      " [-6.  11.5  9.5  6.5 16.5 -1.5 23.  -1.5 -1.   3.5]\n",
      " [ 0.5  8.5  6.5  1.   3.5  7.5 -1.5 14.  14.5 17. ]\n",
      " [ 4.5 10.  -2.5 16.   3.5  6.5 -1.  14.5  7.   9. ]\n",
      " [13.5 16.  -7.   7.  14.  12.   3.5 17.   9.   9. ]]\n",
      "(array([-28.50782586, -15.16788195,  -9.84761127,  -4.21965578,\n",
      "         5.39199307,  10.26769307,  18.13659657,  28.0874185 ,\n",
      "        40.39971824,  77.4595554 ]), array([[-0.05451687, -0.56475963, -0.50572673,  0.10896673, -0.06980709,\n",
      "        -0.28925437,  0.43888735, -0.12273281,  0.24129073, -0.23662929],\n",
      "       [-0.13915478, -0.33482482,  0.48794306,  0.13240666,  0.51097977,\n",
      "        -0.32499118, -0.2842614 ,  0.02688359,  0.04080244, -0.40372841],\n",
      "       [-0.63225616, -0.00550155,  0.00480187,  0.155541  , -0.57118745,\n",
      "        -0.25657164, -0.21653394,  0.23294287, -0.27103102, -0.096512  ],\n",
      "       [ 0.44099337,  0.16360982,  0.00630183,  0.15534138, -0.01010066,\n",
      "        -0.15879235,  0.3297736 ,  0.55915564, -0.42861048, -0.35235831],\n",
      "       [-0.06704224, -0.02487144,  0.44410448, -0.16433362, -0.27987725,\n",
      "         0.27926457,  0.41702181, -0.48538978, -0.21205091, -0.3998205 ],\n",
      "       [ 0.35179481,  0.31892887,  0.04120773, -0.27006269, -0.35297338,\n",
      "        -0.52606911, -0.2332388 , -0.187716  ,  0.37734351, -0.25793057],\n",
      "       [ 0.13837327, -0.05538237, -0.46538321, -0.11254667,  0.1241023 ,\n",
      "         0.03515909, -0.44120253, -0.38045014, -0.57647187, -0.24531206],\n",
      "       [ 0.27305642, -0.33135065,  0.0079936 ,  0.19569176, -0.33741375,\n",
      "         0.54558962, -0.37978047,  0.22685401,  0.28225543, -0.30067861],\n",
      "       [-0.29275851,  0.04005278, -0.16979869, -0.75870148,  0.16772178,\n",
      "         0.18368537,  0.02832359,  0.37129486,  0.12141379, -0.30488421],\n",
      "       [-0.2752673 ,  0.5703872 , -0.24836543,  0.44242675,  0.21764194,\n",
      "         0.17968502,  0.05415855, -0.11131514,  0.26242375, -0.42144321]]))\n"
     ]
    }
   ],
   "source": []
  },
  {
   "cell_type": "code",
   "execution_count": null,
   "id": "assured-cause",
   "metadata": {},
   "outputs": [],
   "source": [
    "while True:\n",
    "    arr = np.random.randint(-10, 31, (10, 10))\n",
    "    sym_arr = sym(arr)\n",
    "    max_eign = np.max(np.linalg.eigh(sym_arr)[0])\n",
    "    if max_eign == int(max_eign):\n",
    "        print(sym_arr)\n",
    "        print(max_eign)\n",
    "        break"
   ]
  },
  {
   "cell_type": "code",
   "execution_count": null,
   "id": "fifteen-peeing",
   "metadata": {},
   "outputs": [],
   "source": []
  }
 ],
 "metadata": {
  "kernelspec": {
   "display_name": "Python 3",
   "language": "python",
   "name": "python3"
  },
  "language_info": {
   "codemirror_mode": {
    "name": "ipython",
    "version": 3
   },
   "file_extension": ".py",
   "mimetype": "text/x-python",
   "name": "python",
   "nbconvert_exporter": "python",
   "pygments_lexer": "ipython3",
   "version": "3.8.7"
  }
 },
 "nbformat": 4,
 "nbformat_minor": 5
}
